{
  "generation": 9,
  "population_size": 50,
  "best_fitness": 245.04497759251518,
  "average_fitness": 212.17916647094157,
  "consciousness_coherence": 0.9493487640534505,
  "tachyonic_field_strength": 0.9651791664709415,
  "synthetic_particles": 391,
  "emergent_logic_nodes": 7
}