{
  "generation": 10,
  "population_size": 50,
  "best_fitness": 157.12866513346734,
  "average_fitness": 157.12866513346736,
  "consciousness_coherence": 0.8727976134911417,
  "tachyonic_field_strength": 0.9101286651334674,
  "synthetic_particles": 0,
  "emergent_logic_nodes": 9
}