{
  "generation": 13,
  "population_size": 50,
  "best_fitness": 265.2750949176997,
  "average_fitness": 229.8744128882433,
  "consciousness_coherence": 0.9517613787019017,
  "tachyonic_field_strength": 0.9828744128882433,
  "synthetic_particles": 391,
  "emergent_logic_nodes": 9
}