{
  "generation": 24,
  "population_size": 50,
  "best_fitness": 341.03055579919135,
  "average_fitness": 277.935815118411,
  "consciousness_coherence": 0.9927730297156464,
  "tachyonic_field_strength": 1.030935815118411,
  "synthetic_particles": 401,
  "emergent_logic_nodes": 16
}