{
  "generation": 14,
  "population_size": 50,
  "best_fitness": 275.32549376457257,
  "average_fitness": 231.38252747085969,
  "consciousness_coherence": 0.9527242825014456,
  "tachyonic_field_strength": 0.9843825274708596,
  "synthetic_particles": 395,
  "emergent_logic_nodes": 10
}