{
  "generation": 22,
  "population_size": 50,
  "best_fitness": 327.4334471456302,
  "average_fitness": 272.5111517646011,
  "consciousness_coherence": 0.984773390899954,
  "tachyonic_field_strength": 1.0255111517646012,
  "synthetic_particles": 405,
  "emergent_logic_nodes": 15
}