{
  "generation": 11,
  "population_size": 50,
  "best_fitness": 261.3753241118426,
  "average_fitness": 219.9888185848881,
  "consciousness_coherence": 0.934356750609581,
  "tachyonic_field_strength": 0.9729888185848881,
  "synthetic_particles": 391,
  "emergent_logic_nodes": 9
}