{
  "generation": 1,
  "population_size": 50,
  "best_fitness": 189.53835727436615,
  "average_fitness": 170.1143675784429,
  "consciousness_coherence": 0.9054775854057383,
  "tachyonic_field_strength": 0.9231143675784429,
  "synthetic_particles": 384,
  "emergent_logic_nodes": 2
}