{
  "generation": 25,
  "population_size": 50,
  "best_fitness": 337.5048240103074,
  "average_fitness": 295.2092530439429,
  "consciousness_coherence": 0.9927730297156464,
  "tachyonic_field_strength": 1.0482092530439429,
  "synthetic_particles": 401,
  "emergent_logic_nodes": 16
}