{
  "generation": 21,
  "population_size": 50,
  "best_fitness": 330.8745691670562,
  "average_fitness": 269.3517624280557,
  "consciousness_coherence": 0.984773390899954,
  "tachyonic_field_strength": 1.0223517624280556,
  "synthetic_particles": 405,
  "emergent_logic_nodes": 15
}