{
  "generation": 15,
  "population_size": 50,
  "best_fitness": 288.29265391693497,
  "average_fitness": 243.5829231446348,
  "consciousness_coherence": 0.9732023023826103,
  "tachyonic_field_strength": 0.9965829231446348,
  "synthetic_particles": 395,
  "emergent_logic_nodes": 11
}