{
  "generation": 0,
  "population_size": 50,
  "best_fitness": 170.67480666545123,
  "average_fitness": 158.84874423264125,
  "consciousness_coherence": 0.9367028799632413,
  "tachyonic_field_strength": 0.853,
  "synthetic_particles": 379,
  "emergent_logic_nodes": 0
}