{
  "generation": 2,
  "population_size": 50,
  "best_fitness": 191.849913782104,
  "average_fitness": 177.68898255428525,
  "consciousness_coherence": 0.9283330097229987,
  "tachyonic_field_strength": 0.9306889825542852,
  "synthetic_particles": 383,
  "emergent_logic_nodes": 2
}