{
  "generation": 16,
  "population_size": 50,
  "best_fitness": 285.17513991230936,
  "average_fitness": 247.46625558101795,
  "consciousness_coherence": 0.9732023023826103,
  "tachyonic_field_strength": 1.000466255581018,
  "synthetic_particles": 395,
  "emergent_logic_nodes": 11
}