{
  "generation": 20,
  "population_size": 50,
  "best_fitness": 187.12866513346734,
  "average_fitness": 187.12866513346734,
  "consciousness_coherence": 0.8727976134911417,
  "tachyonic_field_strength": 0.9401286651334673,
  "synthetic_particles": 0,
  "emergent_logic_nodes": 25
}